10
0 0 A 0 0 0 0 0 0 0
1 1 1 1 1 0 0 0 2 0
0 0 1 0 0 0 2 0 2 0
0 1 1 1 0 0 2 2 2 B
0 0 0 0 0 0 2 0 2 0
0 0 0 0 0 0 0 0 2 0
0 0 0 3 3 3 0 0 0 0 
0 0 0 0 3 0 0 0 0 0
0 0 3 3 3 3 3 0 0 0
0 0 0 0 C 0 0 0 0 0

10
0 0 0 0 0 H 0 0 0 0
0 0 0 8 8 8 8 8 0 0
0 0 0 0 0 8 0 0 0 0
0 0 0 0 8 8 8 0 0 0
0 0 6 6 6 0 0 0 0 0
0 0 0 6 0 0 0 0 5 0
0 6 6 6 6 6 5 0 5 0 
0 0 0 Y 0 0 5 5 5 E
0 0 0 0 0 0 5 0 5 0
0 0 0 0 0 0 0 0 5 0

10
0 0 0 Z 0 0 0 0 0 0
0 1 1 1 1 1 0 0 0 0
0 0 0 1 0 0 0 0 2 0
0 1 1 1 1 0 2 0 2 0
0 0 0 0 0 0 2 2 2 B
0 0 0 0 0 0 2 0 2 0
0 0 0 3 3 3 0 0 2 0 
0 0 0 0 3 0 0 0 0 0
0 0 3 3 3 3 3 0 0 0
0 0 0 0 C 0 0 0 0 0

10
0 0 0 Z 0 0 0 0 0 0
0 1 1 1 1 1 0 0 0 0
0 0 0 1 0 0 0 0 0 0
0 1 1 1 1 0 4 4 4 0
0 0 0 0 0 0 0 4 0 0
0 0 0 3 0 4 4 4 4 4
0 0 0 3 0 3 0 D 0 0 
0 0 C 3 3 3 0 0 0 0
0 0 0 3 0 3 0 0 0 0
0 0 0 3 C 0 0 0 0 0
